32
0.10475709999999994
0.09611259999999988
0.09682499999999994
0.10375979999999996
0.10646480000000014
0.10262409999999988
0.0965395
0.10278770000000015
0.10748000000000002
0.10960129999999979
0.16815249999999993
0.2268577999999999
0.22742050000000003
0.21953150000000043
0.2485858000000003

64
0.9190741999999998
0.9494769000000001
0.5513928999999997
0.4282545000000004
0.7789885999999999
0.9363016999999996
0.8906948999999988
0.7799081999999995
0.4529318
0.505075699999999
0.9215758000000012
0.9139559999999989
0.9428450000000002
0.5411314000000012
0.4128936000000003

128
3.332033899999999
1.5435371000000018
3.181268899999999
2.283337200000002
2.799144899999998
1.8994822000000013
2.9822321999999986
3.3281477000000024
1.8012805999999983
3.2158727000000056
2.262334299999999
3.4210825999999983
2.9814328000000003
2.2992188999999996
2.9677910999999995

256
9.995969600000002
10.031781699999996
12.073452799999998
9.9516943
10.780687200000003
10.749400499999993
9.928137399999997
10.163141900000014
12.250875500000006
10.005870799999997
10.922043200000019
11.516809599999988
9.973730900000021
12.230565899999988
11.509925199999998

512
41.2932211
42.5951857
41.042766400000005
41.050893
40.078670500000015
41.27331369999999
41.94865610000002
42.03450950000001
41.66601490000005
41.738072699999975
40.85942180000001
42.998015699999996
43.07122059999995
41.526408100000026
42.33222760000001

1024
164.8004863
168.23876410000003
165.50756480000007
166.36820690000013
162.78238659999988
168.21053729999994
171.09741129999998
168.77711790000012
171.05768650000005
170.1304752000001
168.27665680000018
166.80585790000032
162.2856753000001
169.0662158
173.49723680000034
