32
0.2854188000000004
0.24196779999999984
0.22641540000000004
0.23377360000000014
0.2443276000000001
0.24465540000000008
0.21904160000000017
0.22423099999999963
0.22613470000000024
0.2233723999999997
0.23506859999999996
0.24060389999999998
0.1953232000000007
0.09563379999999988
0.09540930000000003

64
0.9933639000000003
1.8389115999999994
0.8472989000000002
1.6989459999999994
1.6839405999999997
0.83812
0.8514326000000008
1.664095999999999
1.6778613000000018
0.8072052999999997
1.7833220999999995
1.6322089999999996
0.8430664000000014
0.8473657999999986
1.7962933999999997

128
11.458069300000002
10.4317019
10.706633199999999
9.785723599999997
9.630841499999988
9.943233400000011
15.666832299999996
14.183601799999991
12.554642400000006
11.419924199999997
9.984897499999988
13.996764099999979
12.273065500000001
12.128517299999999
12.824860900000004

256
92.66005290000001
97.78487890000002
89.4728518
100.73381710000007
90.47773480000001
99.97272180000004
96.9173151
89.71772770000007
95.26000339999996
113.45563179999999
94.66993120000006
108.64297140000008
95.5755959999999
98.33220719999986
92.96268179999993

512
731.4017257999999
760.0898778000001
794.7715177
782.0835031000001
694.1314087000001
658.6156046999995
700.3555162000002
800.7066695000003
756.5604688000003
758.1042029
732.1335953999987
685.9723685999998
694.8230378000007
701.9032060000009
715.7291456999992

