512
41.2932211
42.5951857
41.042766400000005
41.050893
40.078670500000015
41.27331369999999
41.94865610000002
42.03450950000001
41.66601490000005
41.738072699999975
40.85942180000001
42.998015699999996
43.07122059999995
41.526408100000026
42.33222760000001

1024
164.8004863
168.23876410000003
165.50756480000007
166.36820690000013
162.78238659999988
168.21053729999994
171.09741129999998
168.77711790000012
171.05768650000005
170.1304752000001
168.27665680000018
166.80585790000032
162.2856753000001
169.0662158
173.49723680000034

