32
0.00042919999999990743
0.00032520000000002547
0.00030649999999998734
0.0003254999999999786
0.0002788999999998598
0.00028289999999997484
0.00027580000000004823
0.0002811000000000341
0.00027730000000003585
0.0003450000000000397
0.00027800000000000047
0.00028320000000015
0.0002773999999998722
0.0002822000000000102
0.0002769999999998607

64
0.0011803999999999704
0.0011772999999999367
0.0011364000000000374
0.0012543000000000415
0.0012164999999999537
0.001175499999999996
0.0012575999999999699
0.001276300000000008
0.001232299999999853
0.0013737000000000332
0.00121709999999986
0.0011791000000000995
0.0012799999999999478
0.0013419999999999543
0.0011663000000001755

128
0.004629800000000017
0.004855800000000077
0.0050675000000000026
0.005979599999999863
0.005332399999999904
0.005154300000000056
0.0051208000000000364
0.004599100000000078
0.004699599999999915
0.0048328000000001925
0.005625499999999839
0.004941199999999979
0.0049424000000000134
0.0050490999999999175
0.00509179999999998

256
0.024099799999999894
0.028418799999999855
0.028515499999999916
0.025248699999999902
0.02554780000000001
0.022957799999999917
0.022456999999999727
0.02261369999999996
0.02321529999999994
0.02585829999999989
0.026123900000000422
0.022918000000000216
0.022907099999999847
0.022301999999999822
0.02469549999999998

512
0.1549965999999996
0.25331259999999967
0.23668200000000006
0.2375257999999998
0.2569585999999999
0.22700289999999956
0.23226320000000023
0.11795370000000016
0.11571540000000002
0.11851499999999948
0.11716050000000067
0.11690799999999957
0.1236145999999998
0.13546730000000018
0.22985539999999993

